Matching Results
Text file: Pamela/staedel/out/oai_DE-MUS-048017_8800z_thumb-xl.txt
CSV file: Pamela/staedel/subsample_N=500_seed=42/metadata/csv/oai_DE-MUS-048017_8800z_thumb-xl.csv

